-0.9999560500189922307348012101684159360759415019660526676304
-0.999768437409263186104878585511883025941511810412883820005
-0.9994309374662614082408541817110582817746493709940443603212
-0.9989435258434088565550262897857972754063997606027336079907
-0.9983062664730064440555004824182475541640497270138030848158
-0.9975192527567208275634087586376916977398014018035590791203
-0.9965826020233815404305044242697073808620832032144364892638
-0.9954964544810963565926470527893126209886715129833249369166
-0.9942609729224096649628775483237237688446824522373503943992
-0.99287634260882211714353380232166929999834526008446905541
-0.9913427712075830869221885104560980087118456271930374426822
-0.9896604887450652183192437472640361885707666128190349806077
-0.9878297475648606089164877127321826352553007068320336558501
-0.9858508222861259564792451238676218708846780358624769119205
-0.9837240097603154961666861178207539739599521135706906623082
-0.9814496290254644057693031141574206297940977054117858969736
-0.9790280212576220388242380352831143261666337383788075437796
-0.9764595497192341556210106517502535588211568475595360550243
-0.9737445997043704052660785578891266846528457499328638811302
-0.9708835784807430293209232997279392503528718218824777968175
-0.9678769152284894549090037777102556741656399908731830823327
-0.9647250609757064309326122796849539028485942715829674430398
-0.9614284885307321440064074687359512127221721083089961470341
-0.9579876924111781293657904464931966177928843676093893308682
-0.9544031887697162417644479411396082587632234596939681934534
-0.9506755153166282763638521247114903563737988555078728243879
-0.9468052312391274813720517250517425455426825869869293321085
-0.9427929171174624431830761406314333070720032844067735638108
-0.9386391748378148049819260841064948890717415071871332123384
-0.9343446275020030942924765427682182098913849442049813792566
-0.9299099193340056411802455508808792101999069903896405937469
-0.925335715583316202872730291856227749122605089289660656363
-0.9206227024251464955050470843234401662300611151773821441992
-0.9157715868574903845266696265609617430713378543710430811272
-0.9107830965950650118909072031790787661429776978281839367728
-0.9056579799601446470826819058004777553392107708103875214125
-0.9003970057703035447716199954158685050205718153867003113129
-0.8950009632230845774412228000021719449716384403039008880195
-0.8894706617776108888286765805342969699938917944922662413433
-0.8838069310331582848598261817339607707412838580336965065075
-0.8780106206047065439864348679516764553379304377503310206848
-0.8720825999954882891300458995668632508735447578491338886056
-0.8660237584665545192975154311230761085611567925399903099175
-0.8598350049033763506961730978463336456423764277549653983871
-0.8535172676795029650730355357139066902136241209093191057854
-0.8470714945172962071870724327848351866812644870871248745484
-0.8404986523457627138950679972918534945559028660332161717874
-0.8337997271555048943484438999864858981741521049406600216914
-0.8269757238508125142890928980472670428083276834007890747211
-0.8200276660989170674034780818216974435054632057428154982723
-0.8129565961764315431364104384953774615431741830855474510625
-0.8057635748129986232573891046867037524004529018901307951053
-0.798449681032170758782542860548942669842966757444132056969
-0.7910160119895459945467074979854171940859046618004218248723
-0.7834636828081838207506702067385468885800130874077931422585
-0.7757938264113257391320525745823597151102834627525838040046
-0.7680075933524456359758906007285717263499341342953262123244
-0.7601061516426554549419067975403651909150422081050008682004
-0.7520906865754920595875297283680730461885098546177765737152
-0.7439624005491115684556831215746075474909758848405646069202
-0.7357225128859178346203728502348905249680239483110769602389
-0.7273722596496521265868943981476982740677556512950131340654
-0.7189128934599714483726398502478973202615233720839646173288
-0.710345683304543313394566316975422185467590005243415389201
-0.701671914348685159406083549883364990276659124726357053426
-0.6928928877425769601053416063557822096808661626239781406523
-0.6840099204260759531248771073524800481569797866622863562761
-0.6750243449311627638559187315379249450776927087172641675579
-0.6659375091820485599064084138773733455570017003098097658178
-0.6567507762929732218875002353962089013914736342526258765889
-0.6474655243637248626170162288285563385660426425821911328569
-0.6380831462729113686686885833830069552491551987016504774371
-0.6286050494690149754322098677673214474135382699411704451626
-0.6190326557592612194309676342913215893043089239708061975507
-0.6093674010963339395223108446602722370388911609163246294123
-0.5996107353629683217303882266363138140029523481630371028905
-0.5897641221544543007857861439118110572616143404280398043241
-0.5798290385590829449218317121191270610880450240645793843112
-0.5698069749365687590576675354654283255862853925746853903801
-0.559699434694481145136907431120510768106495630071603696002
-0.5495079340627185570424268843884081484447376280609705396406
-0.5392340018660591811279362440753819510330480404900765920306
-0.5288791792948222619514764139643491700428564272587749020485
-0.518445019673674476221661709630611012974565620555840706304
-0.5079330882286160362319249190325305939445807619503062996354
-0.4973449618521814771195123853529842874915431675243531865152
-0.4866822288668903501036214194104602000502915274610754024956
-0.4759464887869833063907375230897993201569728846188781713321
-0.4651393520784793136455704504808934648674769692329118332906
-0.4542624399175899987744552010940926036602937891952759789517
-0.443317383947527357216925752760016888485700306816178734731
-0.4323058260337413099534410721472120209877441207161660747669
-0.4212294180176238249768123718519568026211838323567461647031
-0.4100898214687165500064335748423426403087978915973886501044
-0.3988887074354591277134632127604869152187037736520363142644
-0.3876277561945155836379845880839418695320077593895607655513
-0.3763086569987163902830557129210578190603537890862360526526
-0.3649331078236540185334648805195855925975786092995064309092
-0.3535028151129699895377901530379380686938709815955004307172
-0.3420194935223716364807296741574640412057234913366881496125
-0.3304848656624169762291870364733221625317608869879778036754
-0.318900661840106275631683382156021919373990293935225286337
-0.3072686197993190762586102542197151779836575403330998927583
-0.2955904844601356145637867956329599045220413384848814939966
-0.283868007657081741799765765170666597033800033494427988854
-0.2721029478763366095052447232961543477619050684933291252722
-0.260297069991942541978560859023872400099135195345090969889
-0.2484521450010566668332426888600374814546957627054614112012
-0.2365699497582840184775084088692735563027745529395463513318
-0.2246522667091319671478783163149618818557990203827391319706
-0.2127008836226259579370401534630871434058935633536313990253
-0.2007175933231266700680007306140850045558226896092431404971
-0.1887041934213888264615035722338300598111664868424961411578
-0.1766624860449019974037218152550696124164868456149091524049
-0.16459427756755384982928450755534589986706394993925280548
-0.1525013783386563953746068406692362593809396462629210285962
-0.1403856024113758859130248756406671334836349857959578636165
-0.1282487672706070947420495962120294942091936052412415810556
-0.1160926935603328049407348638868513529725939240451129803331
-0.1039192048105094036391968965590695543273163062547258308138
-0.0917301271635195520311456005978074782758687934459474262365
-0.0795272891002329659032270684565629556247007445019515531784
-0.0673125211657164002422902888169769498679191132208247936745
-0.0550876556946339841045614164247591462511131755787335342569
-0.0428545265363790983812422886820384932679236206031879355961
-0.0306149687799790293662785813213590335246288836311978262294
-0.018370818478813665117926292060533780951234872377234757248
-0.0061239123751895295011701649622667416283944167028374728321
0.0061239123751895295011701649622667416283944167028374570129
0.018370818478813665117926292060533780951234872377235665452
0.0306149687799790293662785813213590335246288836311795509093
0.0428545265363790983812422886820384932679236206031886329802
0.0550876556946339841045614164247591462511131755787335342551
0.0673125211657164002422902888169769498679191132208247936745
0.0795272891002329659032270684565629556247007445019515531784
0.0917301271635195520311456005978074782758687934459474262373
0.1039192048105094036391968965590695543273163062547258308138
0.1160926935603328049407348638868513529725939240451129803331
0.1282487672706070947420495962120294942091936052412415810556
0.1403856024113758859130248756406671334836349857959578636165
0.1525013783386563953746068406692362593809396462629210285962
0.1645942775675538498292845075553458998670639499393552657514
0.1766624860449019974037218152550696124164868456149091539577
0.1887041934213888264615035722338300598111664867658521000388
0.2007175933231266700680007306140850045558226896092431404966
0.2127008836226259579370401534630871434058935633536313990715
0.2246522667091319671478783163149618818557990203827607610683
0.2365699497582840184775084088692735563027745529395412770161
0.2484521450010566668332426888600374814546957627054813206391
0.2602970699919425419785608590238724000917028453237038061325
0.2721029478763366095052447232961543478259736498267591058347
0.283868007657081741799765765170666597033800033494431704868
0.295590484460135614563786795632959999469502187512636153774
0.3072686197993190762586102542197151779833981353871908811422
0.3189006618401062756316833821560219267986589073424364641265
0.3304848656624169762291870364733221625298813729332169405619
0.3420194935223716364807296741574640412057092482493109330599
0.3535028151129699895377901530379380686948441367336686117516
0.3649331078236540185334648805195855925975784932542164395312
0.3763086569987163902830557129210578189315580887081884220709
0.3876277561945155836379845880839418697335356997158603031715
0.3988887074354591277134632127604869279984771974973824050931
0.4100898214687165500064335748423428239986328237373939045918
0.4212294180176238249768123718519568026211838338360135372358
0.4323058260337413099534410721472120209883185979661411533592
0.4433173839475273572169257527600168884854787863501733989142
0.4542624399175899987744552010940926044864322143917971310107
0.4651393520784793136455704504808938081775414915227500789497
0.4759464887869833063907375230897993201569728846188781734647
0.4866822288668903501036214194104602000514206317777468965432
0.497344961852181477119512385352983925850045169381177836801
0.5079330882286160362319249190325305943453399256884022752137
0.5184450196736744762216617096306110192540048679975885272315
0.5288791792948222619514764139643493721711230353407075486319
0.5392340018660591811279362440753819510330480404900765920306
0.5495079340627185570424268843884081484447376280609705396406
0.559699434694481145136907431120510768106495630071603696002
0.5698069749365687590576675354654283255862853925746853903801
0.5798290385590829449218317121191285667360688471529578143636
0.5897641221544543007857861439118110572616143404280398043241
0.5996107353629683217303882266363138140029523481630371028905
0.6093674010963339395223108446602722370388911609163246294123
0.6190326557592612194309676342913215893043089239708061975507
0.6286050494690149754322098677673214474135382699411704451626
0.6380831462729113686686885833830069552491551987016504774371
0.6474655243637248626170162288285563385660426425821911328569
0.6567507762929732218875002353962089013914736342526258765889
0.6659375091820485599064084138773733455570017003098097658178
0.6750243449311627638559187315379249450776927087172641675579
0.6840099204260759531248771073524800481569797866622863562761
0.6928928877425769601053416063557822096808661626239781406523
0.701671914348685159406083549883364990276659124726357053426
0.710345683304543313394566316975422185467590005243415389201
0.7189128934599714483726398502478973202615233720839646173288
0.7273722596496521265868943981476982740677556512950131340654
0.7357225128859178346203728502348905249680239483110769602389
0.7439624005491115684556831215746075474909758848405646069202
0.7520906865754920595875297283680730461885098546177765737152
0.7601061516426554549419067975403651909150422081050008682004
0.7680075933524456359758906007285717263499341342953262123244
0.7757938264113257391320525745823597151102834627525838040046
0.7834636828081838207506702067385468885800130874077931422585
0.7910160119895459945467074979854171940859046618004218248723
0.798449681032170758782542860548942669842966757444132056969
0.8057635748129986232573891046867037524004529018901307951053
0.8129565961764315431364104384953774615431741830855474510625
0.8200276660989170674034780818216974435054632057428154982723
0.8269757238508125142890928980472670428083276834007890747211
0.8337997271555048943484438999864858981741521049406600216914
0.8404986523457627138950679972918534945559028660332161717874
0.8470714945172962071870724327848351866812644870871248745484
0.8535172676795029650730355357139066902136241209093191057854
0.8598350049033763506961730978463336456423764277549653983871
0.8660237584665545192975154311230761085611567925399903099175
0.8720825999954882891300458995668632508735447578491338886056
0.8780106206047065439864348679516764553379304377503310206848
0.8838069310331582848598261817339607707412838580336965065075
0.8894706617776108888286765805342969699938917944922662413433
0.8950009632230845774412228000021719449716384403039008880195
0.9003970057703035447716199954158685050205718153867003113129
0.9056579799601446470826819058004777553392107708103875214125
0.9107830965950650118909072031790787661429776978281839367728
0.9157715868574903845266696265609617430713378543710430811272
0.9206227024251464955050470843234401662300611151773821441992
0.925335715583316202872730291856227749122605089289660656363
0.9299099193340056411802455508808792101999069903896405937469
0.9343446275020030942924765427682182098913849442049813792566
0.9386391748378148049819260841064948890717415071871332123384
0.9427929171174624431830761406314333070720032844067735638108
0.9468052312391274813720517250517425455426825869869293321085
0.9506755153166282763638521247114903563737988555078728243879
0.9544031887697162417644479411396082587632234596939681934534
0.9579876924111781293657904464931966177928843676093893308682
0.9614284885307321440064074687359512127221721083089961470341
0.9647250609757064309326122796849539028485942715829674430398
0.9678769152284894549090037777102556741656399908731830823327
0.9708835784807430293209232997279392503528718218824777968175
0.9737445997043704052660785578891266846528457499328638811302
0.9764595497192341556210106517502535588211568475595360550243
0.9790280212576220388242380352831143261666337383788075437796
0.9814496290254644057693031141574206297940977054117858969736
0.9837240097603154961666861178207539739599521135706906623082
0.9858508222861259564792451238676218708846780358624769119205
0.9878297475648606089164877127321826352553007068320336558501
0.9896604887450652183192437472640361885707666128190349806077
0.9913427712075830869221885104560980087118456271930374426822
0.99287634260882211714353380232166929999834526008446905541
0.9942609729224096649628775483237237688446824522373503943992
0.9954964544810963565926470527893126209886715129833249369166
0.9965826020233815404305044242697073808620832032144364892638
0.9975192527567208275634087586376916977398014018035590791203
0.9983062664730064440555004824182475541640497270138030848158
0.9989435258434088565550262897857972754063997606027336079907
0.9994309374662614082408541817110582817746493709940443603212
0.999768437409263186104878585511883025941511810412883820005
0.9999560500189922307348012101684159360759415019660526676304