-0.9999889909843818679872841248990359277027352649353027402299
-0.9999419946068456536361286845381149620041123952870911875865
-0.9998574463699794385446275313754515038448200634246268232087
-0.9997353306710426625827368052000653326474115033023106646427
-0.9995756497983108555936109105247017895670038201097606592209
-0.9993784092025992514480161452005791903654388275985545335884
-0.9991436161123782382453399812747776991418592814411351782337
-0.9988712792754494246541768635552848667683836451493860447505
-0.9985614088900397275573676625760590875973316260783852168615
-0.9982140165816127953876923245942798494369515446199059221401
-0.9978291153935628466036470103559552092213796981137832725304
-0.9974067197828498321611182876270544317717122575373612039008
-0.9969468456176038804367370380387699720314231286680908085393
-0.9964495101755774022837599687927956253154699573850517619661
-0.995914732142977256699708765100433217203244721676607411222
-0.9953425316134657151476031499872332883469737678464178953376
-0.9947329300872282225027936075441933039791167792499456619703
-0.9940859504700558793702824738063945404846589621582699731562
-0.9934016170724147657859271115739922216247432839796059796882
-0.9926799556084865573546763226082710811618068470863082878185
-0.9919209931951714500244369805593627885150584438906231075
-0.9911247583510480415528399499076697992198864299753861133006
-0.9902912809952868962106898561418040324939360558328971698653
-0.9894205924465157453777047730584562848498619406522544094177
-0.9885127254216350200148487102507946463090998852960152160733
-0.9875677140345828729848909771364357281578886682093144788948
-0.986585593795049142960368395189662275689876050353562838965
-0.9855664016071379024692621688153362324230289894216424552858
-0.9845101757679783590716125666759393740120247764688893580459
-0.98341695596628396406814546438134323483013021997993892386
-0.9822867832808596419166428756448710426957335240012011034762
-0.9811197001790570947322311184614776548111732421805152415783
-0.979915750515178165672628492935077575577215122627457579841
-0.9786749795288262664309572308872793627653135782718239500222
-0.9773974338432058899681861481068385377038630307961302982159
-0.9760831614633702416830300093888286415520528641762097744238
-0.9747322117744170315712560047831045300312110181452556864382
-0.9733446355396324773464471378969476554455291742978245769616
-0.971920484898583574520652189754017649022685526221692324343
-0.9704598133651586944555049724024655070579841311961326151577
-0.968962675825556575661586391082128232487974629935441257663
-0.9674291285362237773389233315535770836883593643382805919891
-0.9658592291217406674540047287970341312038801051973028119207
-0.9642530365726560206402068064064254966034593836613561009667
-0.9626106112432703039637754028353684491487752654354542227389
-0.9609320148493677311718534026398738028346154866194252104645
-0.959217310465897168473750689404151241635606241218236916267
-0.9574665625246019772327448142779148037311136351770332076319
-0.9556798368115988811866199867149180509797944066051487729445
-0.9538572004649059479887371679721723395541348779750318874557
-0.9519987219719197769813273912311644912287855266228723460067
-0.9501044711668419871894146587977099969034643481319065988526
-0.9481745192280551015654245469838887020996534238366878373487
-0.9462089386754479255274303813272664396380305028246541742912
-0.9442078033676905198230562081163338785901699268948178192347
-0.9421711884994588697201554921226507114344195193088019444573
-0.9400991705986093544775538908663576969184706348072415770991
-0.9379918275233031229867812528605894965453048941705546558064
-0.9358492384590804834007203781594941645713540330824139177281
-0.9336714839158854164789745462544176044579653591908386012785
-0.9314586457250403242837002172209271204959671562938843899889
-0.9292108070361711277546193173915682801477433786043046120229
-0.9269280523140828285786767987387667009353531622635055371282
-0.924610467335585652648948636641644175231189200255918233295
-0.9222581391862718942794141287245397261367216931997580604177
-0.9198711562572435822074657333404087398148548233516866739597
-0.9174496082417910902748408953517592529531904923200740676267
-0.914993586132022817530259524543642716916303650426311213129
-0.9125031822154460643436214392866433116653728113056378810286
-0.90997849007149923296230062274885462779034013666041493058
-0.9074196045680354827749729246683527402819897609479807356188
-0.904826621857757972377607493589521728333516610994306041047
-0.9021996393746068223597927432614632741450935044732554167218
-0.8995387558300979345474885959582426533640922236909634618529
-0.8968440712096138052506156035175106926071752987840192859672
-0.8941156867686464718706125385475433704023952766806001426023
-0.8913537050289927340242103732965586801444035807485889754806
-0.8885582297749017921351662708866199724067592733669220319841
-0.8857293660491754482355527359759710773289126660540136718227
-0.8828672201492210155023744945860573958727305332901103091681
-0.8799718996230570848337537831499317012937912416108309148348
-0.8770435132652722985416438861140645816648290675995052583766
-0.8740821711129372830049576305973065697786369792922861689208
-0.8710879844414698938880856917974027096118648463675454932151
-0.8680610657604539292849799618763609689176219732526129204066
-0.8650015288094114678982387022655461667876814244930259722104
-0.8619094885535289911058997425151580665328129024682982012008
-0.8587850611793374495058711100556917070301413598902052814362
-0.8556283640903464362590494249066328944024383085846185379595
-0.8524395159026326312771383850952785139694475729131657735961
-0.8492186364403826820199250616247800217374384379605162888791
-0.8459658467313906883792421762745779847855652147648118018831
-0.842681269002510460832981144238309337058896738642647167408
-0.8393650266750627227522640652918937473005831093735921993697
-0.8360172443601974294381733229504498914190701795350869740591
-0.8326380478542113781512150073894082924735939341069458140309
-0.829227564133821285076896817941016258974111127685314903193
-0.8257859213513925068443720861023560726033144343711839502167
-0.8223132488301235858819786629358161837788038971955160551572
-0.8188096770591868005536241656588413487216566021595247419336
-0.8152753376888249026732770046882363301468974456926486036298
-0.8117103635254042266412552742831646653334929800925324216464
-0.8081148885264243560855026097851242430985991995906332098694
-0.8044890477954845355235412042033334563987244947208505727562
-0.800832977577207016186237161221214271342675406747894192924
-0.7971468152521175267628421986619350679736732075793341303871
-0.7934306993314830614379285156998859896910473575570510001271
-0.7896847694521071791947506760339706013128736518183662126546
-0.7859091663710830099561900973450168112365087374358611547287
-0.7821040319605041647237048290618632159688524495937304265754
-0.7782695092021337484565606065776459707289004812923466225373
-0.7744057421820316760079997681275100660878422178318073601646
-0.7705128760851404930018538141287943695856208936648660467857
-0.7665910571898299050923647159241972356301278783848222480171
-0.762640432862400220601591321717070159771738484907949083178
-0.7586611515515449130726823913357507220523458376865408258593
-0.7546533627827725118134392031477523504288327373017751741224
-0.7506172171527880300329108622543763983197697479424421530715
-0.7465528663238341416942072122316169331148277680604396041389
-0.7424604630179923197192206983173487830482561324429371988485
-0.7383401610114441496854630099415053717380837900182878771755
-0.7341921151286930346516884878210658683271999996591066458599
-0.7300164812367465082373380437047474938969771042120882569694
-0.7258134162392593745610389266097779178289190308457713572493
-0.7215830780706378951153815882399223329940658029424113425904
-0.7173256256901052441189099587472441597142706271649891073253
-0.7130412190757284553416507483160079478149621805940447248244
-0.7087300192184070848475163492884042449361588960182825230572
-0.704392188115823815535490242722207682985707311672772029055
-0.700027888766357230791589536230246727159565294875504651335
-0.6956372851629569859851427122453978981203296924981974683295
-0.6912205422869816079558684974438650713645847161681192963862
-0.6867778261019991540425409419662619935694918569625128863729
-0.6823093035475509635996236079506276929999615560504758656188
-0.6778151425328787363350998195067403970060766424869247013388
-0.67329551193061517318076415394236562754245027353063476209
-0.6687505815704384167754210170483694219320455356733795618561
-0.6641805222326905300017078330499651500539437409840740539468
-0.659585505641960252368572013431814913007203530062669894597
-0.6549657044606302753737317029691824147395988233847633361038
-0.6503212922823892793136899265762264999008749614550610598004
-0.6456524436257089753330001056918577705106660541157078998852
-0.6409593339272863978194482466875904681786427661902507946056
-0.6362421395354516935575740372412952021686934511441343538987
-0.6315010377035416553494505750692895542437543061739664390719
-0.6267362065832392490988317983992577427382456851591260513745
-0.6219478252178793846326095388869535879848678550003657362626
-0.6171360735357211818019504753063536363821511008302246995822
-0.6123011323431869846644594823635253930761940338844870835433
-0.6074431833180683777981926494987123661738094712825228303596
-0.6025624090026994600382736515377656020830098921105922422347
-0.5976589927970976321572046062650653158045373177909475084764
-0.592733118952072156230660832723506081054206623890659211821
-0.5877849725623007456415721689983607994527071158157199674697
-0.5828147395593744458765762232853495615396557596468309974739
-0.5778226067048110674604359860037347267566717229336605964721
-0.5728087615830374335557008591203382510233394738600150901986
-0.5677733925943407059267119656639030869337606561949464237952
-0.5627166889477890541289655617466260405428638165668667932044
-0.5576388406541219339368088312351207479683317234658943126651
-0.5525400385186102421644070190188963938496720989916357885559
-0.5474204741338866161668468472933405399520171682896193697359
-0.5422803398727461474300859319240869181238480286634692566992
-0.5371198288809177797701793227716572968804679510619907247774
-0.5319391350698066637637705628849520551638297680527223443546
-0.5267384531092077401231844084441613767623351108037693876482
-0.5215179784199908258105605692198827514363647341486570867023
-0.5162779071667574777562818978967210027762324788925130203944
-0.5110184362504699101074361420223137234900918951568044092722
-0.5057397633010522419821678286068834441885456092510377380474
-0.5004420866699643537454866219323524499318739889100379801968
-0.4951256054227486308513615142476168080141667452571971509119
-0.4897905193315498753147078034188778989264213277822949858935
-0.4844370288676086658851277018052031978982334066823639162005
-0.4790653351937284489919577224671204527762167029049873348511
-0.4736756401567166435172692148448473176669894251212017869317
-0.4682681462798000434299254829634567804265297171084847522303
-0.462843056755014803279583125284313407593263364444862395582
-0.4574005754355712925046002977106727731253345678692496709797
-0.4519409068281941054521446334626849558636905386327523439335
-0.4464642560854375149423430727181509163702227084654779609045
-0.4409708289979766581310497832278168348517023022696064784936
-0.435460831986874744337692019042104836485106800162967869683
-0.4299344720958265754056529041495457861923038316928428048781
-0.4243919569833786700527308862733117998811565089388761053208
-0.4188334949151262845483445385535365381039201361914678751158
-0.4132592947558876229222954600780123509527188743270086561384
-0.4076695659618555307670286196422586141900320616058770974368
-0.4020645185727269675414063940927700652351904366052495986654
-0.3964443632038105531190079816601318600891061960150698559752
-0.3908093110381124851478484466998996144701774072004882140176
-0.385159573818401124601150417641588941090450448460153227841
-0.3794953638392505477003658758133800308455889313956058736078
-0.3738168939390633631820054201266661296102548646702626643656
-0.3681243774920730946589581733198228777533791448319719255164
-0.3624180284003264285948478336272396165736185766035985038372
-0.3566980610856456291665404186158130131531947676154227452402
-0.3509646904815714220351685670663481648596311143596917986299
-0.3452181320252866497799378570827823708911642373149967876705
-0.3394586016495210024715048874144616297525143038932198705947
-0.333686315774437127572837705055745336402610916101797248895
-0.3279014912994984240551598247977672180497021057437674517493
-0.3221043455953188263048132842843154042120100907612064820507
-0.3162950964954948840736280504720831908675303219176393829406
-0.3104739622884204453906292108619669563614725342695999194657
-0.3046411617090842500066247484986808317906632091541344797724
-0.2987969139308507415853707499161081941782126249553386766218
-0.2929414385572244074855835005842233334873491210665260941958
-0.2870749556135979555970353888096870757098388806291866184948
-0.2811976855389846383013106083380112606323029053730362532474
-0.2753098491777350342234845009189087452049122531707558867771
-0.2694116677712385990250046294416049269367071401590891356869
-0.263503362949610297060370375173697392342773906102929520594
-0.2575851567233626262808095038579242187686222370371405599448
-0.2516572714750633493170136799188884827967502697692019264789
-0.2457199299509792442100997018521480996761512179831880404355
-0.2397733552527061887852891028951364117034195752134737880145
-0.2338177708287858931763259697942660158040192630495096063805
-0.2278534004663095955103620827057206522001910550429967769034
-0.2218804682825090362529109188840870104484333784601481667951
-0.2158991987163350271904892844819274912346375646879205370968
-0.2099098165200239314947093806290766063747939205198825253812
-0.2039125467506523717658374562481933561791033161756341830789
-0.1979076147616804833961807818576564494305043611074899403714
-0.1918952461944840310240858744200731798231093106691457414968
-0.1858756669698757062678115396862525618359426680131349331782
-0.1798491032796159253350646507061764650328286390968754698586
-0.1738157815779134454985393737410613007421969705098147945556
-0.1677759285729161198103669600640977794532402226622190291421
-0.1617297712181921097989488688285510491407144406614228746718
-0.1556775367042018762501969479942181755218961492346761509945
-0.1496194524497612685217272043807892454278373732426306264386
-0.1435557460934960331730353193702571907043853759883604801302
-0.1374866454852880630171099451772506802997991335969762473103
-0.1314123786777137080093018324417908438932040404197289690626
-0.1253331739174744696875513310533310686762532660795266047815
-0.1192492596368204011642725642903384675528506094086762008634
-0.1131608644449665349442888475021034119100180074010754375328
-0.1070682171195026611052004072629016172612738950750627366933
-0.1009715465977967786264323108220939259783758421808146802267
-0.0948710819683925428909483497913438646711503017940515089095
-0.0887670524624010326092165031439501670514165085003879250914
-0.0826596874448871596284650556371582613524091020681960598322
-0.0765492164062510452915674480044297551896435302842062812765
-0.0704358689536046871990309207130303509794519489352492632039
-0.0643198748021442404045318767530907296239540630773607132715
-0.0582014637665182372392329810928887372899435658723769248188
-0.0520808657521920701127271428920496367449220292610841844503
-0.0459583107468090617788759568481360574542864102235352236367
-0.0398340288115484476830396356645929912689374540873313115775
-0.0337082500724805951232271282328838493928133078799270176235
-0.0275812047119197840615246277253952215561303135105554283757
-0.0214531229597748745137841289115141957425716740180106520307
-0.015324235084898185524967651803754418105707892287937506138
-0.009194771386432910804744225163233475670518069521413631188
-0.0030649621851593961529231932883920940535100057469612172983
0.0030649621851593961529231932883920940535100057469612172983
0.009194771386432910804744225163233475670518069521413631188
0.015324235084898185524967651803754418105707892287937506138
0.0214531229597748745137841289115141957425716740180106520307
0.0275812047119197840615246277253952215561303135105554283757
0.0337082500724805951232271282328838493928133078799270176235
0.0398340288115484476830396356645929912689374540873313115775
0.0459583107468090617788759568481360574542864102235352236367
0.0520808657521920701127271428920496367449220292610841844503
0.0582014637665182372392329810928887372899435658723769248188
0.0643198748021442404045318767530907296239540630773607132715
0.0704358689536046871990309207130303509794519489352492632039
0.0765492164062510452915674480044297551896435302842062812765
0.0826596874448871596284650556371582613524091020681960598322
0.0887670524624010326092165031439501670514165085003879250914
0.0948710819683925428909483497913438646711503017940515089095
0.1009715465977967786264323108220939259783758421808146802267
0.1070682171195026611052004072629016172612738950750627366933
0.1131608644449665349442888475021034119100180074010754375328
0.1192492596368204011642725642903384675528506094086762008634
0.1253331739174744696875513310533310686762532660795266047815
0.1314123786777137080093018324417908438932040404197289690626
0.1374866454852880630171099451772506802997991335969762473103
0.1435557460934960331730353193702571907043853759883604801302
0.1496194524497612685217272043807892454278373732426306264386
0.1556775367042018762501969479942181755218961492346761509945
0.1617297712181921097989488688285510491407144406614228746718
0.1677759285729161198103669600640977794532402226622190291421
0.1738157815779134454985393737410613007421969705098147945556
0.1798491032796159253350646507061764650328286390968754698586
0.1858756669698757062678115396862525618359426680131349331782
0.1918952461944840310240858744200731798231093106691457414968
0.1979076147616804833961807818576564494305043611074899403714
0.2039125467506523717658374562481933561791033161756341830789
0.2099098165200239314947093806290766063747939205198825253812
0.2158991987163350271904892844819274912346375646879205370968
0.2218804682825090362529109188840870104484333784601481667951
0.2278534004663095955103620827057206522001910550429967769034
0.2338177708287858931763259697942660158040192630495096063805
0.2397733552527061887852891028951364117034195752134737880145
0.2457199299509792442100997018521480996761512179831880404355
0.2516572714750633493170136799188884827967502697692019264789
0.2575851567233626262808095038579242187686222370371405599448
0.263503362949610297060370375173697392342773906102929520594
0.2694116677712385990250046294416049269367071401590891356869
0.2753098491777350342234845009189087452049122531707558867771
0.2811976855389846383013106083380112606323029053730362532474
0.2870749556135979555970353888096870757098388806291866184948
0.2929414385572244074855835005842233334873491210665260941958
0.2987969139308507415853707499161081941782126249553386766218
0.3046411617090842500066247484986808317906632091541344797724
0.3104739622884204453906292108619669563614725342695999194657
0.3162950964954948840736280504720831908675303219176393829406
0.3221043455953188263048132842843154042120100907612064820507
0.3279014912994984240551598247977672180497021057437674517493
0.333686315774437127572837705055745336402610916101797248895
0.3394586016495210024715048874144616297525143038932198705947
0.3452181320252866497799378570827823708911642373149967876705
0.3509646904815714220351685670663481648596311143596917986299
0.3566980610856456291665404186158130131531947676154227452402
0.3624180284003264285948478336272396165736185766035985038372
0.3681243774920730946589581733198228777533791448319719255164
0.3738168939390633631820054201266661296102548646702626643656
0.3794953638392505477003658758133800308455889313956058736078
0.385159573818401124601150417641588941090450448460153227841
0.3908093110381124851478484466998996144701774072004882140176
0.3964443632038105531190079816601318600891061960150698559752
0.4020645185727269675414063940927700652351904366052495986654
0.4076695659618555307670286196422586141900320616058770974368
0.4132592947558876229222954600780123509527188743270086561384
0.4188334949151262845483445385535365381039201361914678751158
0.4243919569833786700527308862733117998811565089388761053208
0.4299344720958265754056529041495457861923038316928428048781
0.435460831986874744337692019042104836485106800162967869683
0.4409708289979766581310497832278168348517023022696064784936
0.4464642560854375149423430727181509163702227084654779609045
0.4519409068281941054521446334626849558636905386327523439335
0.4574005754355712925046002977106727731253345678692496709797
0.462843056755014803279583125284313407593263364444862395582
0.4682681462798000434299254829634567804265297171084847522303
0.4736756401567166435172692148448473176669894251212017869317
0.4790653351937284489919577224671204527762167029049873348511
0.4844370288676086658851277018052031978982334066823639162005
0.4897905193315498753147078034188778989264213277822949858935
0.4951256054227486308513615142476168080141667452571971509119
0.5004420866699643537454866219323524499318739889100379801968
0.5057397633010522419821678286068834441885456092510377380474
0.5110184362504699101074361420223137234900918951568044092722
0.5162779071667574777562818978967210027762324788925130203944
0.5215179784199908258105605692198827514363647341486570867023
0.5267384531092077401231844084441613767623351108037693876482
0.5319391350698066637637705628849520551638297680527223443546
0.5371198288809177797701793227716572968804679510619907247774
0.5422803398727461474300859319240869181238480286634692566992
0.5474204741338866161668468472933405399520171682896193697359
0.5525400385186102421644070190188963938496720989916357885559
0.5576388406541219339368088312351207479683317234658943126651
0.5627166889477890541289655617466260405428638165668667932044
0.5677733925943407059267119656639030869337606561949464237952
0.5728087615830374335557008591203382510233394738600150901986
0.5778226067048110674604359860037347267566717229336605964721
0.5828147395593744458765762232853495615396557596468309974739
0.5877849725623007456415721689983607994527071158157199674697
0.592733118952072156230660832723506081054206623890659211821
0.5976589927970976321572046062650653158045373177909475084764
0.6025624090026994600382736515377656020830098921105922422347
0.6074431833180683777981926494987123661738094712825228303596
0.6123011323431869846644594823635253930761940338844870835433
0.6171360735357211818019504753063536363821511008302246995822
0.6219478252178793846326095388869535879848678550003657362626
0.6267362065832392490988317983992577427382456851591260513745
0.6315010377035416553494505750692895542437543061739664390719
0.6362421395354516935575740372412952021686934511441343538987
0.6409593339272863978194482466875904681786427661902507946056
0.6456524436257089753330001056918577705106660541157078998852
0.6503212922823892793136899265762264999008749614550610598004
0.6549657044606302753737317029691824147395988233847633361038
0.659585505641960252368572013431814913007203530062669894597
0.6641805222326905300017078330499651500539437409840740539468
0.6687505815704384167754210170483694219320455356733795618561
0.67329551193061517318076415394236562754245027353063476209
0.6778151425328787363350998195067403970060766424869247013388
0.6823093035475509635996236079506276929999615560504758656188
0.6867778261019991540425409419662619935694918569625128863729
0.6912205422869816079558684974438650713645847161681192963862
0.6956372851629569859851427122453978981203296924981974683295
0.700027888766357230791589536230246727159565294875504651335
0.704392188115823815535490242722207682985707311672772029055
0.7087300192184070848475163492884042449361588960182825230572
0.7130412190757284553416507483160079478149621805940447248244
0.7173256256901052441189099587472441597142706271649891073253
0.7215830780706378951153815882399223329940658029424113425904
0.7258134162392593745610389266097779178289190308457713572493
0.7300164812367465082373380437047474938969771042120882569694
0.7341921151286930346516884878210658683271999996591066458599
0.7383401610114441496854630099415053717380837900182878771755
0.7424604630179923197192206983173487830482561324429371988485
0.7465528663238341416942072122316169331148277680604396041389
0.7506172171527880300329108622543763983197697479424421530715
0.7546533627827725118134392031477523504288327373017751741224
0.7586611515515449130726823913357507220523458376865408258593
0.762640432862400220601591321717070159771738484907949083178
0.7665910571898299050923647159241972356301278783848222480171
0.7705128760851404930018538141287943695856208936648660467857
0.7744057421820316760079997681275100660878422178318073601646
0.7782695092021337484565606065776459707289004812923466225373
0.7821040319605041647237048290618632159688524495937304265754
0.7859091663710830099561900973450168112365087374358611547287
0.7896847694521071791947506760339706013128736518183662126546
0.7934306993314830614379285156998859896910473575570510001271
0.7971468152521175267628421986619350679736732075793341303871
0.800832977577207016186237161221214271342675406747894192924
0.8044890477954845355235412042033334563987244947208505727562
0.8081148885264243560855026097851242430985991995906332098694
0.8117103635254042266412552742831646653334929800925324216464
0.8152753376888249026732770046882363301468974456926486036298
0.8188096770591868005536241656588413487216566021595247419336
0.8223132488301235858819786629358161837788038971955160551572
0.8257859213513925068443720861023560726033144343711839502167
0.829227564133821285076896817941016258974111127685314903193
0.8326380478542113781512150073894082924735939341069458140309
0.8360172443601974294381733229504498914190701795350869740591
0.8393650266750627227522640652918937473005831093735921993697
0.842681269002510460832981144238309337058896738642647167408
0.8459658467313906883792421762745779847855652147648118018831
0.8492186364403826820199250616247800217374384379605162888791
0.8524395159026326312771383850952785139694475729131657735961
0.8556283640903464362590494249066328944024383085846185379595
0.8587850611793374495058711100556917070301413598902052814362
0.8619094885535289911058997425151580665328129024682982012008
0.8650015288094114678982387022655461667876814244930259722104
0.8680610657604539292849799618763609689176219732526129204066
0.8710879844414698938880856917974027096118648463675454932151
0.8740821711129372830049576305973065697786369792922861689208
0.8770435132652722985416438861140645816648290675995052583766
0.8799718996230570848337537831499317012937912416108309148348
0.8828672201492210155023744945860573958727305332901103091681
0.8857293660491754482355527359759710773289126660540136718227
0.8885582297749017921351662708866199724067592733669220319841
0.8913537050289927340242103732965586801444035807485889754806
0.8941156867686464718706125385475433704023952766806001426023
0.8968440712096138052506156035175106926071752987840192859672
0.8995387558300979345474885959582426533640922236909634618529
0.9021996393746068223597927432614632741450935044732554167218
0.904826621857757972377607493589521728333516610994306041047
0.9074196045680354827749729246683527402819897609479807356188
0.90997849007149923296230062274885462779034013666041493058
0.9125031822154460643436214392866433116653728113056378810286
0.914993586132022817530259524543642716916303650426311213129
0.9174496082417910902748408953517592529531904923200740676267
0.9198711562572435822074657333404087398148548233516866739597
0.9222581391862718942794141287245397261367216931997580604177
0.924610467335585652648948636641644175231189200255918233295
0.9269280523140828285786767987387667009353531622635055371282
0.9292108070361711277546193173915682801477433786043046120229
0.9314586457250403242837002172209271204959671562938843899889
0.9336714839158854164789745462544176044579653591908386012785
0.9358492384590804834007203781594941645713540330824139177281
0.9379918275233031229867812528605894965453048941705546558064
0.9400991705986093544775538908663576969184706348072415770991
0.9421711884994588697201554921226507114344195193088019444573
0.9442078033676905198230562081163338785901699268948178192347
0.9462089386754479255274303813272664396380305028246541742912
0.9481745192280551015654245469838887020996534238366878373487
0.9501044711668419871894146587977099969034643481319065988526
0.9519987219719197769813273912311644912287855266228723460067
0.9538572004649059479887371679721723395541348779750318874557
0.9556798368115988811866199867149180509797944066051487729445
0.9574665625246019772327448142779148037311136351770332076319
0.959217310465897168473750689404151241635606241218236916267
0.9609320148493677311718534026398738028346154866194252104645
0.9626106112432703039637754028353684491487752654354542227389
0.9642530365726560206402068064064254966034593836613561009667
0.9658592291217406674540047287970341312038801051973028119207
0.9674291285362237773389233315535770836883593643382805919891
0.968962675825556575661586391082128232487974629935441257663
0.9704598133651586944555049724024655070579841311961326151577
0.971920484898583574520652189754017649022685526221692324343
0.9733446355396324773464471378969476554455291742978245769616
0.9747322117744170315712560047831045300312110181452556864382
0.9760831614633702416830300093888286415520528641762097744238
0.9773974338432058899681861481068385377038630307961302982159
0.9786749795288262664309572308872793627653135782718239500222
0.979915750515178165672628492935077575577215122627457579841
0.9811197001790570947322311184614776548111732421805152415783
0.9822867832808596419166428756448710426957335240012011034762
0.98341695596628396406814546438134323483013021997993892386
0.9845101757679783590716125666759393740120247764688893580459
0.9855664016071379024692621688153362324230289894216424552858
0.986585593795049142960368395189662275689876050353562838965
0.9875677140345828729848909771364357281578886682093144788948
0.9885127254216350200148487102507946463090998852960152160733
0.9894205924465157453777047730584562848498619406522544094177
0.9902912809952868962106898561418040324939360558328971698653
0.9911247583510480415528399499076697992198864299753861133006
0.9919209931951714500244369805593627885150584438906231075
0.9926799556084865573546763226082710811618068470863082878185
0.9934016170724147657859271115739922216247432839796059796882
0.9940859504700558793702824738063945404846589621582699731562
0.9947329300872282225027936075441933039791167792499456619703
0.9953425316134657151476031499872332883469737678464178953376
0.995914732142977256699708765100433217203244721676607411222
0.9964495101755774022837599687927956253154699573850517619661
0.9969468456176038804367370380387699720314231286680908085393
0.9974067197828498321611182876270544317717122575373612039008
0.9978291153935628466036470103559552092213796981137832725304
0.9982140165816127953876923245942798494369515446199059221401
0.9985614088900397275573676625760590875973316260783852168615
0.9988712792754494246541768635552848667683836451493860447505
0.9991436161123782382453399812747776991418592814411351782337
0.9993784092025992514480161452005791903654388275985545335884
0.9995756497983108555936109105247017895670038201097606592209
0.9997353306710426625827368052000653326474115033023106646427
0.9998574463699794385446275313754515038448200634246268232087
0.9999419946068456536361286845381149620041123952870911875865
0.9999889909843818679872841248990359277027352649353027402299