-0.9998248879471319144736080829818792234796496458152077304036
-0.9990774599773758950119877576835398293175905097952248458943
-0.9977332486255140198821574433476993814064005064673740081449
-0.9957927585349811868641612096205389165878094463371993574223
-0.9932571129002129353034372210859916523482273957412626496551
-0.9901278184917343833379303154719697898045840781496991822678
-0.9864067427245862088712355192404874505368423920777107605382
-0.9820961084357185360247656298916039234983087152180618529072
-0.9771984914639073871653744265233175031366284193257527104573
-0.9717168187471365809043383601832238351240252009708440826447
-0.9656543664319652686458290265888043845558385186981894217961
-0.9590147578536999280989185499731250790378196688199006888988
-0.951801961341264386217796301591956159344832402215681313612
-0.9440202878302201821211114179004922737442696738750860051392
-0.9356743882779163757831267548014192274043869894267729241334
-0.9267692508789478433346245181745911439145831665513896891387
-0.9173101980809605370364835801421647783419404764604099065142
-0.9073028834017568139214859474891436581057476152135626879977
-0.8967532880491581843864473976260460237522793361413587058805
-0.8856677173453972174082924245324363560079547588862328002829
-0.8740527969580317986954179548382691212297040505412207640693
-0.8619154689395484605906322715950738435747079019685323215845
-0.8492629875779689691636001289985796916385153799797373219221
-0.8361029150609068471168753098139091332232815886891711617478
-0.8224431169556438424645941858563622688390254123338474891374
-0.8082917575079136601196422485814172876672975807150673698845
-0.7936572947621932902433329466938067777946149044022240710409
-0.7785484755064119668504940666992860501155501288840128301714
-0.7629743300440947227797691434863305484478945518807011860158
-0.7469441667970619811698824214344888031216239306055535572546
-0.7304675667419088064717369429544396722086827115662850189156
-0.7135543776835874133438599130308538765888457426322498445291
-0.696214708369514332385086602419347557005036454795692016631
-0.6784589224477192593677556567047455855383033881825677934009
-0.6602976322726460521059468347906982084256924790412051758658
-0.6417416925623075571535249161773154003834144014081608668849
-0.6228021939105849107615395986410059286448561774478404008767
-0.6034904561585486242035731975307659855676066743557279135572
-0.5838180216287630895500388572838996308633471247073545608214
-0.5637966482266180839144307702081060179450945773382989149019
-0.543438302412810363444193627172078964540249946277274923054
-0.522755152051175478453947939495837379644881595476884433626
-0.5017595591361444642896062933421115757348973046268210614813
-0.4804640724041720258582757066710418467914331701247612960723
-0.4588814198335521954490891304227067575389866267767810800201
-0.4370245010371041629370429434172615823761576134881245507735
-0.4149063795522750154922738792459613441946023072643363253216
-0.3925402750332674427356481891223020402048805856097665590097
-0.3699395553498590266165917411676473265887486453115208320999
-0.3471177285976355084261627719714524305523975378876715227192
-0.3240884350244133751832522791674558202047363211751144389428
-0.3008654388776772026671540945069884667760169323710964317699
-0.2774626201779044028062316340763862168888610427102758617644
-0.2538939664226943208556179964956555811712545315614246677679
-0.2301735642266599864109865772117636091045877997089402220467
-0.2063155909020792171540580108279532902616815427785205411447
-0.1823343059853371824103825748607777589595148160112874419253
-0.1582440427142249339974754521394661498122709770668711283042
-0.1340591994611877851175753172607962883303423839910283746489
-0.109794231127643746672974667401178032538821728497558996317
-0.0854636405045154986364980344602491457400025902815991230309
-0.0610819696041395681037870235223184632396823194000721783264
-0.0366637909687334933302153487894488737896889795321220591463
-0.0122236989606157641980521196674066318558859714298895552901
0.0122236989606157641980521196674066318571801348067283586209
0.0366637909687334933302153487894488737896889795321219206509
0.0610819696041395681037870235223184632396823194001078601528
0.0854636405045154986364980344602491457400025902815755878398
0.109794231127643746672974667401178032538821728497559002195
0.1340591994611877851175753172607962883303423839910283746489
0.1582440427142249339974754521394661498122709770668711283042
0.1823343059853371824103825748607777589595148160112874419253
0.2063155909020792171540580108279532902616815427785205411929
0.2301735642266599864109865772117636091045877997089402220467
0.2538939664226943208556179964956555811712545315614246677679
0.2774626201779044028062316340763862168888610427102758617644
0.3008654388776772026671540945069884667760169323710964317699
0.3240884350244133751832522791674558202047363211751144389428
0.3471177285976355084261627719714524305523975378876715227192
0.3699395553498590266165917411676473265887486453115208320999
0.3925402750332674427356481891223020402048805856097665590097
0.4149063795522750154922738792459613441946023072643238441175
0.4370245010371041629370429434172615823761576134880666560948
0.4588814198335521954490891304227067575389866267767810800201
0.4804640724041720258582757066710418467914331701247652242392
0.5017595591361444642896062933421115757346003622894915169006
0.5227551520511754784539479394958373796448815954868569613426
0.5434383024128103634441936271720789645402499462772757298853
0.5637966482266180839144307702081060179554939854457052654223
0.5838180216287630895500388572838996308633471247073545530986
0.6034904561585486242035731975307659855676066743557283126553
0.6228021939105849107615395986410058811960442944436736670024
0.641741692562307557153524916177315400383414401408042324814
0.6602976322726460521059468347906982084256924789882640424047
0.6784589224477192593677556567047455855383033881825677934009
0.6962147083695143323850866024193475570050364438527826767809
0.7135543776835874133438599130308538765888457562862246454985
0.730467566741908806471736942954439672208682670196033104336
0.7469441667970619811698824214344888031216236793031506712141
0.7629743300440947227797691434863305484478946918289096209137
0.7785484755064119668504940666992860501155501288840128301669
0.7936572947621932902433329466938067778096017217039286967013
0.8082917575079136601196422485814172876672975807150084911141
0.8224431169556438424645941858563623544597947472064894038112
0.8361029150609068471168753098139091332232815886899344696649
0.8492629875779689691636001289985796915336954931301559431832
0.8619154689395484605906322715950738433620046359546004926731
0.8740527969580317986954179548382691212297040505415402037269
0.8856677173453972174082924245324363560079547588862329231582
0.8967532880491581843864473976260460228758852823619749703744
0.9073028834017568139214859474891437442293756854529992720073
0.9173101980809605370364835801421655762865672654097919557285
0.9267692508789478433346245181745911439145812158443440779839
0.9356743882779163757831267548014129383803520941286195014185
0.9440202878302201821211114179004922737442696738750860051402
0.9518019613412643862177963015919561249057049819877711854592
0.9590147578536999280989185499731250790378197373656979398763
0.9656543664319652686458290265888043845556935057064987297406
0.9717168187471365809043383601832238351239680366464700770786
0.9771984914639073871653744265233175031366284261210084056553
0.9820961084357185360247656298916039261771460837738641440495
0.9864067427245862088712355192404874505368423025798538257128
0.9901278184917343833379303154719697898045840781496991121897
0.9932571129002129353034372210859916523488311178239461652297
0.995792758534981186864161209620546416747475678825394661887
0.9977332486255140198821574433476993814113566668955665278021
0.999077459977375895011987757683539829317590509795224875468
0.9998248879471319144736080829818741716017439887085925580485