-0.9972638618494815635449811286650407271385376637300464484399
-0.9856115115452683354001750446309019786323957143577556123827
-0.9647622555875064307738119281182749603888952204429360227875
-0.9349060759377396891709191348354093255286714322828206446369
-0.8963211557660521239653072437192122684789964967957317409034
-0.8493676137325699701336930049677425389548867930497442671289
-0.7944837959679424069630972989704289020954794016388184349815
-0.7321821187402896803874266650912671468156608418453050156805
-0.6630442669302152009751151686632383689778451868393205525702
-0.5877157572407623290407454764018268584509401419069212917265
-0.5068999089322293900237474743778212301802836996637502649854
-0.4213512761306353453641194361724264783358772886324492807158
-0.3318686022821276497799168057301879961957751368050311534179
-0.2392873622521370745446032091655015206088554219602633177144
-0.1444719615827964934851863735988106522038459913156531023068
-0.0483076656877383162348125704405021636908472517307160123512
0.0483076656877383162348125704405021637475703466725418753354
0.1444719615827964934851863735988106522038459913156434432608
0.2392873622521370745446032091655015206088554219602724095381
0.3318686022821276497799168057301879961957751368050465441726
0.4213512761306353453641194361724264783358772886332976471871
0.5068999089322293900237474743778212301802836996451797979462
0.5877157572407623290407454764018268584509315077999401112745
0.6630442669302152009751151686632383690029164513245162695398
0.7321821187402896803874266650912671466302704835066214420475
0.7944837959679424069630972989704289020954794016388355395239
0.849367613732569970133693004967742538954886793049763140134
0.8963211557660521239653072437192122684789964967956985399637
0.9349060759377396891709191348354093255286714322828448381017
0.9647622555875064307738119281182749603888952204493062994068
0.9856115115452683354001750446309019786323957086816986530567
0.9972638618494815635449811286650407271385376681018871947944