-0.999305041735772139456905624345636311969712191675590956113
-0.9963401167719552793469245006763991232098575063402266121352
-0.9910133714767443207393823834433031136413494453907904852246
-0.9833362538846259569312993021568311169452475066237403837465
-0.9733268277899109637418535073522726680261452944551688277164
-0.9610087996520537189186141218971572067621146110378459494461
-0.9464113748584028160624814913472647952793949717952331902317
-0.9295691721319395758214901545592256073474270144297154946482
-0.9105221370785028057563806680083298610134880848883640292532
-0.8893154459951141058534040382728516224291944615104521893194
-0.8659993981540928197607833850701575024125019187582496425664
-0.8406292962525803627516915446958733029824898238017553539282
-0.8132653151227975597419233380863033406981418225655972166956
-0.7839723589433414076102205252137682840564141249898259334131
-0.7528199072605318966118637748856939855517142713220871932461
-0.719881850171610826848940217831947244758138003314901952622
-0.6852363130542332425635583710313763019356410785396718681331
-0.6489654712546573398577612319934048855296904334733123139782
-0.6111553551723932502488529710185489186961245593079718443369
-0.5718956462026340342838781166591886431831910060912509932273
-0.5312794640198945456580139035444552474085255887341802390024
-0.4894031457070529574785263070219213908493732974637398399246
-0.4463660172534640879849477147589151892067507578262501763082
-0.402270157963991603695766771260158848713265205615020808276
-0.3572201583376681159504426150462025316262644646409091120212
-0.3113228719902109561575126985601568835577153578680501269955
-0.2646871622087674163739641725100201179804131362950932439561
-0.2174236437400070841496487489888226175784858311412223658454
-0.1696444204239928180373136297482698441999902667343663586559
-0.1214628192961205544703764634922478782186836383371232465174
-0.0729931217877990394495429419403374932441261816687754780126
-0.0243502926634244325089558428537156614268871093149758074113
0.0243502926634244325089558428537156614268906580075728662737
0.0729931217877990394495429419403374932441261816687778082689
0.1214628192961205544703764634922478782186836383371407827704
0.1696444204239928180373136297482698441999902667343656812651
0.2174236437400070841496487489888226175784858311412223600344
0.264687162208767416373964172510020117980413136296823589863
0.3113228719902109561575126985601568835577153578680501269955
0.3572201583376681159504426150462025316262644646409091120212
0.402270157963991603695766771260158848713265205615020808276
0.4463660172534640879849477147589151892067507578262501763082
0.4894031457070529574785263070219213908493732974637398373322
0.5312794640198945456580139035444552474085255887341802380533
0.5718956462026340342838781166591886431831910060912509932273
0.6111553551723932502488529710185489186961245593079739502487
0.6489654712546573398577612319934048855296904334732011728793
0.6852363130542332425635583710313763019356410785396718681324
0.719881850171610826848940217831947244758138003314901952622
0.7528199072605318966118637748856939855517142713220871932461
0.7839723589433414076102205252137682840564141249898259334132
0.8132653151227975597419233380863033406981418225655972166956
0.8406292962525803627516915446958733029824898238017553539282
0.8659993981540928197607833850701575024125019187472939393443
0.8893154459951141058534040382728516224291944640045092828304
0.9105221370785028057563806680083298610134880848883640292532
0.9295691721319395758214901545592256073474270144297154975928
0.9464113748584028160624814913472647952793949717952336433497
0.9610087996520537189186141218971572067621146110378459630932
0.9733268277899109637418535073522726680261452944551741758819
0.9833362538846259569312993021568311169452475066237403951932
0.9910133714767443207393823834433031136413494453907904852225
0.9963401167719552793469245006763991232098575063130790756617
0.9993050417357721394569056243456363119697121916756087760628