-0.9894009349916499325961541734503326274262740716578917695815
-0.9445750230732325760779884155346083450911392726207650112641
-0.8656312023878317438804678977123931323873353848475272317847
-0.7554044083550030338951011948474422683538136564575030102196
-0.6178762444026437484466717640487910189918822177656577941344
-0.4580167776572273863424194429835775735400316130355234909012
-0.2816035507792589132304605014604961064860694907705418805211
-0.0950125098376374401853193354249580631406387550045184437
0.0950125098376374401853193354249580631406425271737687006207
0.2816035507792589132304605014604961064860694907704960133436
0.4580167776572273863424194429835775735400316130355234909012
0.6178762444026437484466717640487910189918822177656577941039
0.7554044083550030338951011948474422683538136564575030078377
0.8656312023878317438804678977123931323873353848475510917277
0.9445750230732325760779884155346083450911392726048767674653
0.9894009349916499325961541734503326274262740716591893372724